25 
0.000000 0.000000 
1.250000 0.000000 
2.500000 0.000000 
3.750000 0.000000 
5.000000 0.000000 
0.000000 1.250000 
1.250000 1.250000 
2.500000 1.250000 
3.750000 1.250000 
5.000000 1.250000 
0.000000 2.500000 
1.250000 2.500000 
2.500000 2.500000 
3.750000 2.500000 
5.000000 2.500000 
0.000000 3.750000 
1.250000 3.750000 
2.500000 3.750000 
3.750000 3.750000 
5.000000 3.750000 
0.000000 5.000000 
1.250000 5.000000 
2.500000 5.000000 
3.750000 5.000000 
5.000000 5.000000 
32 2 3 3 
1 2 6 1 0 4 

2 6 7 0 0 0 

2 3 7 1 0 0 

3 7 8 0 0 0 

3 4 8 1 0 0 

4 8 9 0 0 0 

4 5 9 1 0 0 

5 9 10 0 0 2 

6 7 11 0 0 4 

7 11 12 0 0 0 

7 8 12 0 0 0 

8 12 13 0 0 0 

8 9 13 0 0 0 

9 13 14 0 0 0 

9 10 14 0 0 0 

10 14 15 0 0 2 

11 12 16 0 0 4 

12 16 17 0 0 0 

12 13 17 0 0 0 

13 17 18 0 0 0 

13 14 18 0 0 0 

14 18 19 0 0 0 

14 15 19 0 0 0 

15 19 20 0 0 2 

16 17 21 0 0 4 

17 21 22 0 3 0 

17 18 22 0 0 0 

18 22 23 0 3 0 

18 19 23 0 0 0 

19 23 24 0 3 0 

19 20 24 0 0 0 

20 24 25 0 3 2 

